-0.000064
-0.000928
-0.005383
-0.020928
-0.063022
-0.158448
-0.346563
-0.676939
-1.201182
-1.959661
-2.964578
-4.184228
-5.535445
-6.892861
-8.121532
-9.132369
-9.949713
-10.768034
-11.966768
-14.055091
-17.537640
-22.722374
-29.525036
-37.344490
-45.077110
-51.300827
-54.599472
-53.939999
-48.981491
-40.204948
-28.808014
-16.386486
-4.504604
5.708975
13.804733
20.022236
25.071800
29.772156
34.676315
39.813766
44.637238
48.185776
49.405888
47.518929
42.312759
34.263599
24.452236
14.305600
5.247025
-1.637175
-5.820026
-7.388476
-6.929770
-5.296969
-3.334546
-1.646913
-0.472839
0.310624
1.072704
2.250737
4.171924
6.927008
10.327805
13.949236
17.236393
19.640579
20.750347
20.388147
18.657394
15.933489
12.802722
9.958294
8.070367
7.652346
8.953422
11.904509
16.137375
21.070980
26.038685
30.407869
33.650948
35.346680
35.133049
32.660713
27.603596
19.754637
9.184896
-3.603022
-17.616520
-31.472282
-43.657372
-52.879265
-58.387604
-60.142342
-58.759960
-55.248505
-50.630943
-45.599518
-40.335960
-34.564148
-27.809925
-19.755569
-10.538532
-0.863777
8.123575
15.162367
19.272800
20.072388
17.890343
13.637186
8.486084
3.489233
-0.724667
-4.066266
-6.886064
-9.715813
-12.965143
-16.697510
-20.570007
-23.953098
-26.173407
-26.779449
-25.724415
-23.398577
-20.502527
-17.813822
-15.935190
-15.116472
-15.208305
-15.757851
-16.201498
-16.081310
-15.204332
-13.692867
-11.914536
-10.326860
-9.300706
-8.989794
-9.294124
-9.923861
-10.533504
-10.867088
-10.855544
-10.627228
-10.430847
-10.505434
-10.954269
-11.676893
-12.389459
-12.726255
-12.382401
-11.239691
-9.425517
-7.280048
-5.245246
-3.717806
-2.923309
-2.857338
-3.313244
-3.980788
-4.574044
-4.936913
-5.086279
-5.179026
-5.419819
-5.950034
-6.763957
-7.687356
-8.427453
-8.675154
-8.220081
-7.032763
-5.282694
-3.283670
-1.387708
0.132786
1.169597
1.797688
2.222351
2.675198
3.301087
4.081700
4.828107
5.248038
5.063619
4.135020
2.540985
0.582422
-1.296908
-2.647718
