-0.013828
-0.151374
-0.498229
-1.172038
-2.200276
-3.642127
-5.395868
-7.311586
-9.060806
-10.436104
-11.178424
-11.173164
-10.864870
-11.238815
-13.564743
-18.937984
-27.863701
-39.741238
-52.646236
-63.719585
-70.311264
-70.761902
-64.964378
-54.512909
-41.935043
-29.679626
-19.157267
-10.682707
-3.641433
3.200474
10.508300
18.828108
27.578596
36.314625
44.052231
49.762199
52.871635
52.762344
49.672291
43.924957
36.428543
28.177921
20.171219
13.262751
7.991149
4.597693
2.977443
2.805475
3.488268
4.490656
5.281774
5.815624
6.108953
6.435259
6.994424
8.070913
9.886417
12.445982
15.646025
18.985682
21.921280
23.582478
23.515495
21.502510
18.084156
14.075701
10.711315
9.080759
10.018728
13.626929
19.278622
25.782558
31.948242
36.850136
40.591743
43.511150
45.991760
47.230717
45.842636
39.839104
28.224520
11.391172
-8.249860
-27.264927
-42.501286
-52.176552
-56.470776
-57.065094
-56.380341
-56.126648
-57.141380
-58.350502
-58.320015
-55.181065
-48.109215
-37.377335
-24.715912
-12.388642
-2.602579
3.414819
5.531713
4.904309
3.233905
2.064202
1.969243
2.517078
2.754565
1.339643
-2.162483
-7.643715
-13.988516
-19.848782
-24.098400
-26.166733
-26.259130
-25.096235
-23.583805
-22.575825
-22.409256
-23.107563
-24.188435
-25.167698
-25.570160
-25.213585
-24.127483
-22.633778
-21.011106
-19.744343
-18.876930
-18.587486
-18.559830
-18.566944
-18.220078
-17.331774
-15.966640
-14.369507
-13.177940
-12.767431
-13.513725
-15.201468
-17.370686
-19.215408
-20.045834
-19.458614
-17.557926
-14.836250
-12.035250
-9.815310
-8.575201
-8.252501
-8.513748
-8.759837
-8.641491
-7.958529
-6.981440
-6.082771
-5.746104
-6.218732
-7.496006
-9.237108
-10.978106
-12.217704
-12.579651
-11.953417
-10.436827
-8.450796
-6.439836
-4.805879
-3.757252
-3.162193
-2.831066
-2.291116
-1.310240
0.290737
2.371415
4.468554
6.071292
6.628878
5.959420
4.190553
1.783516
-0.552863
-2.209540
-2.806121
-2.329860
-1.067799
0.462834
1.729923
2.310818
1.943539
